1 2 3 4
5 6 7 8
9 10 11 12
13 14 15 0
1 2 3 4
5 6 7 8
9 10 11 12
13 14 0 15
1 2 3 4
5 6 7 8
9 10 11 12
13 0 14 15
1 2 3 4
5 6 7 8
9 10 11 12
0 13 14 15
1 2 3 4
5 6 7 8
0 10 11 12
9 13 14 15
1 2 3 4
5 6 7 8
10 0 11 12
9 13 14 15
1 2 3 4
5 6 7 8
10 11 0 12
9 13 14 15
1 2 3 4
5 6 7 8
10 11 12 0
9 13 14 15
1 2 3 4
5 6 7 8
10 11 12 15
9 13 14 0
1 2 3 4
5 6 7 8
10 11 12 15
9 13 0 14
1 2 3 4
5 6 7 8
10 11 12 15
9 0 13 14
1 2 3 4
5 6 7 8
10 11 12 15
0 9 13 14
1 2 3 4
5 6 7 8
0 11 12 15
10 9 13 14
1 2 3 4
5 6 7 8
11 0 12 15
10 9 13 14
1 2 3 4
5 6 7 8
11 12 0 15
10 9 13 14
1 2 3 4
5 6 7 8
11 12 15 0
10 9 13 14
1 2 3 4
5 6 7 8
11 12 15 14
10 9 13 0
1 2 3 4
5 6 7 8
11 12 15 14
10 9 0 13
1 2 3 4
5 6 7 8
11 12 15 14
10 0 9 13
1 2 3 4
5 6 7 8
11 12 15 14
0 10 9 13
