1 2 3 4
6 7 8 0
5 10 11 12
9 13 14 15
1 2 3 4
5 6 7 8
9 10 11 0
13 14 15 12
1 2 3 4
5 6 7 8
9 10 11 12
13 14 0 15
1 2 3 4
5 6 7 8
9 10 0 11
13 14 15 12
1 2 3 4
5 6 7 8
9 0 10 11
13 14 15 12
1 2 3 4
5 6 7 8
9 14 10 11
13 0 15 12
1 2 3 4
5 7 0 8
9 6 11 12
13 10 14 15
1 3 0 4
5 2 6 8
9 10 7 11
13 14 15 12
1 2 3 4
5 6 0 7
9 10 11 8
13 14 15 12
1 6 2 3
5 10 7 4
9 0 11 8
13 14 15 12
1 0 3 4
5 2 6 8
9 10 7 11
13 14 15 12
1 2 3 0
5 15 6 4
9 10 7 8
13 14 12 11
1 2 0 4
5 6 3 8
14 13 7 11
9 15 10 12
1 3 6 0
5 2 7 4
9 10 12 8
13 14 11 15
1 2 0 4
5 10 3 6
13 9 15 8
14 12 7 11
5 1 3 4
9 2 6 7
13 10 14 8
0 15 11 12
1 3 4 8
2 6 14 7
0 9 12 15
5 11 13 10
1 7 4 8
0 6 2 12
5 3 9 11
13 10 14 15
1 4 3 7
5 2 0 8
9 12 14 15
13 6 11 10
1 6 7 2
5 10 12 3
0 14 13 8
9 15 11 4
14 7 6 4
2 3 1 11
5 9 12 15
13 0 10 8
1 6 15 7
14 11 5 3
10 9 8 4
0 2 13 12
9 8 7 3
0 10 5 11
14 2 6 4
13 1 15 12
1 2 3 4
5 6 7 8
9 10 11 12
13 14 15 0
1 6 15 7
14 11 5 0
10 9 8 3
2 13 12 4
1 6 15 7
14 11 5 3
10 9 8 4
2 13 0 12
1 6 15 7
14 11 5 3
10 9 8 0
2 13 12 4
1 6 15 0
14 11 5 7
10 9 8 3
2 13 12 4
